Time (s)	Potential (mV)
0	110.867693164
2	38.2162242997
4	76.7189839259
6	54.3370059002
8	52.5737954127
10	64.8443010505
12	58.7270401753
14	70.0619647382
16	50.7386171501
18	84.4915036261
20	38.0722887497
22	97.3017675765
24	28.0687680244
26	106.945449427
28	33.7902061371
30	115.077808002
32	38.2522081872
34	109.680224877
36	44.8012757124
38	105.829948914
40	64.520446063
42	104.426577302
44	81.7927120635
46	96.5101220515
48	100.828188552
50	84.0237130886
52	104.030754539
54	99.352849164
56	120.15153614
58	92.4439427638
60	130.874734615
62	88.0539084887
64	146.599693453
66	94.1711693639
68	156.747149728
70	98.8850586265
72	157.538795253
74	106.477658889
76	155.127874791
78	119.00005174
80	155.739600878
82	133.39360674
84	149.622340003
86	146.743629003
88	138.827173753
90	149.190533353
92	150.198082203
94	160.345538478
96	142.74941749
98	167.002557666
100	135.480672215
102	176.250416754
104	136.27231774
106	181.971854866
108	136.344285515
110	180.028724941
112	138.071512115
114	174.919012916
116	143.145240253
118	172.328173016
120	148.938646141
122	162.864410603
124	150.665872741
126	149.334468903
128	157.646746916
130	153.076793203
132	154.120325941
134	143.145240253
136	154.480164816
138	133.465574515
140	157.466827478
142	126.48470034
144	156.531246403
146	120.403423352
148	150.198082203
150	115.617566315
152	143.001304703
154	113.818371939
156	136.524204953
158	114.142226927
160	126.556668115
162	112.558935877
164	114.034275264
166	114.753953015
168	112.954758639
170	107.629143289
172	101.152043539
174	105.218222827
176	91.5083616888
178	106.873481652
180	84.9233102761
182	105.937900577
184	78.3742427509
186	100.684253002
188	73.2645307258
190	95.4306054264
192	72.4369013133
194	91.6882811263
196	72.7607563008
198	85.1751974886
200	73.7683051508
202	77.7625166634
204	75.0997089883
206	71.6452557882
208	72.4009174258
210	72.0410785507
212	74.5959345633
214	66.3196404381
216	77.3666939009
218	64.0526555255
220	80.7851632135
222	62.2534611505
224	80.245404901
226	61.3178800754
228	80.7131954385
230	65.1321721505
232	83.2320675636
234	69.5941742007
236	82.188534826
238	73.1925629508
240	79.7776143635
242	79.0939205009
244	81.180985976
246	82.5843575886
248	85.3191330386
250	87.2982468512
252	84.6354391761
254	94.7469115639
256	87.3702146262
258	100.900156327
260	89.8890867513
262	104.894367839
264	93.1636205139
266	109.752192652
268	98.8130908515
270	114.214194702
272	105.146255052
274	117.164873477
276	110.903677052
278	118.100454552
280	117.27282514
282	121.339004427
284	124.397634865
286	126.016909802
288	127.024458652
290	126.736587552
292	133.753445615
294	129.615298552
296	138.755205978
298	131.342525152
300	142.821385265
302	132.997783978
304	145.412225165
306	136.27231774
308	148.003065065
310	139.798738715
312	148.326920053
314	141.59793309
316	147.859129515
318	144.404676315
320	147.319371203
322	147.859129515
324	148.65077504
326	146.527725678
328	146.815596778
330	148.866678366
332	145.19632184
334	149.550372228
336	143.001304703
338	149.118565578
340	140.338497028
342	147.607242303
344	138.86315764
346	145.736080153
348	137.42380214
350	142.425562503
352	134.077300603
354	137.99954434
356	133.285655078
358	134.077300603
360	131.558428477
362	129.471363002
364	126.19682924
366	125.47715149
368	124.217715427
370	120.403423352
372	122.02269829
374	115.68953409
376	118.604228977
378	111.011628714
380	115.005840227
382	107.341272189
384	111.407451477
386	103.706899552
388	107.809062727
390	100.612285227
392	102.951237914
394	98.489235864
396	98.417268089
398	95.8983959639
400	94.4950243514
402	92.0121361138
404	91.0405711513
406	90.2129417388
408	87.9819407137
410	89.3133445513
412	85.5710202511
414	87.2262790762
416	82.260502601
418	85.7869235761
420	81.2889376385
422	84.9592941636
424	80.533276001
426	84.0596969761
428	80.101469351
430	82.9801803511
432	79.6336788135
434	81.7927120635
436	80.5692598885
438	82.044599276
440	81.7207442885
442	82.4404220385
444	82.9082125761
446	83.0521481261
448	85.1751974886
450	85.2471652636
452	87.1902951887
454	85.5710202511
456	89.1694090012
458	87.5141501762
460	91.1485228138
462	90.1769578513
464	94.3510888014
466	93.2355882889
468	96.762009264
470	95.5745409764
472	99.6047363766
474	100.108510802
476	102.231560164
478	103.742883439
480	105.506093927
482	106.945449427
484	108.492756589
486	111.083596489
488	112.091145339
490	114.897888565
492	114.861904677
494	118.532261202
496	117.740615677
498	121.554907752
500	120.943181665
502	125.297232052
504	123.60598934
506	127.816104177
508	126.62863589
510	130.22702464
512	130.334976302
514	132.350074003
516	133.141719528
518	134.077300603
520	134.725010578
522	135.804527203
524	136.596172728
526	137.027979378
528	138.28741544
530	137.495769915
532	138.791189865
534	137.603721578
536	139.978658153
538	138.071512115
540	139.798738715
542	138.323399328
544	139.798738715
546	137.819624903
548	138.935125415
550	137.819624903
552	137.99954434
554	137.13593104
556	135.876494978
558	134.796978353
560	134.221236153
562	133.96934894
564	132.278106228
566	131.270557377
568	129.543330777
570	129.147508015
572	127.20437809
574	126.880523102
576	124.829441515
578	124.75747374
580	122.490488827
582	121.806794965
584	119.072019515
586	118.676196752
588	116.40921184
590	115.293711327
592	113.566484727
594	112.558935877
596	111.011628714
598	109.680224877
600	108.348821039
602	106.153803902
604	105.110271164
606	102.879270139
608	101.835737402
610	100.360398014
612	99.8206397016
614	98.0934131015
616	97.409719239
618	95.9703637389
620	95.4306054264
622	93.8832982639
624	93.8113304889
626	92.5878783138
628	92.5159105388
630	92.3719749888
632	91.4004100263
634	90.4288450638
636	89.8890867513
638	90.1049900763
640	89.0254734512
642	89.2413767762
644	87.8020212762
646	87.9819407137
648	87.2982468512
650	88.3777634762
652	88.3057957012
654	89.5652317638
656	88.6296506887
658	89.5652317638
660	89.1694090012
662	90.2849095138
664	91.1125389263
666	92.4439427638
668	92.9117333014
670	93.4874755014
672	94.3151049139
674	94.8908471139
676	96.114299289
678	97.0858642515
680	98.561203639
682	99.280881389
684	101.080075764
686	101.691801852
688	103.419028452
690	105.038303389
692	106.405691114
694	107.413239964
696	109.032514902
698	109.464321552
700	111.407451477
702	111.803274239
704	113.962307489
706	115.293711327
708	115.83346964
710	117.020937927
712	117.812583452
714	120.15153614
716	120.763262227
718	122.02269829
720	122.490488827
722	124.361650977
724	125.009360952
726	126.160845352
728	126.556668115
730	127.996023615
732	128.607749702
734	129.543330777
736	129.867185765
738	130.622847402
740	130.874734615
742	131.486460702
744	132.206138453
746	132.745896765
748	132.925816203
750	132.853848428
752	133.39360674
754	133.39360674
756	133.609510065
758	133.141719528
760	133.357622853
762	132.422041778
764	132.601961215
766	131.95425124
768	131.66638014
770	130.874734615
772	130.550879627
774	129.615298552
776	128.679717477
778	128.21192694
780	127.996023615
782	126.62863589
784	125.585103152
786	124.073779877
788	123.498037677
790	123.102214915
792	121.73482719
794	121.231052765
796	119.611777827
798	118.964067852
800	117.632664015
802	116.40921184
804	114.753953015
806	114.430098027
808	113.026726414
810	112.415000327
812	110.831709277
814	109.896128202
816	109.356369889
818	107.952998277
820	106.225771677
822	105.218222827
824	104.030754539
826	102.807302364
828	102.231560164
830	101.511882414
832	100.828188552
834	99.6407202641
836	99.280881389
838	98.1653808765
840	98.0934131015
842	96.762009264
844	97.0138964765
846	96.0423315139
848	96.546105939
850	94.9987987764
852	95.2866698764
854	95.0707665514
856	94.9628148889
858	94.3870726889
860	94.4230565764
862	94.7469115639
864	93.8113304889
866	94.2431371389
868	94.3151049139
870	95.2147021014
872	95.3586376514
874	95.5025732014
876	95.2147021014
878	96.690041489
880	97.0138964765
882	98.0214453265
884	97.913493664
886	98.6691553015
888	98.5971875265
890	100.468349677
892	100.756220777
894	102.159592389
896	103.419028452
898	103.814851214
900	104.750432289
902	106.009868352
904	107.161352752
906	108.096933827
908	109.356369889
910	110.435886514
912	111.155564264
914	112.486968102
916	114.034275264
918	114.681985239
920	115.905437415
922	116.481179615
924	117.27282514
926	118.28037399
928	119.359890615
930	120.187520027
932	120.547358902
934	121.231052765
936	122.058682177
938	122.130649952
940	122.670408265
942	123.498037677
944	124.397634865
946	125.009360952
948	125.657070927
950	126.268797015
952	126.700603665
954	126.880523102
956	127.276345865
958	127.816104177
960	128.427830265
962	129.003572465
964	129.07554024
966	129.21947579
968	128.93160469
970	129.147508015
972	128.895620802
974	128.895620802
976	128.427830265
978	128.49979804
980	127.384297527
982	127.276345865
984	126.77257144
986	126.808555327
988	126.19682924
990	125.585103152
992	125.47715149
994	124.397634865
996	123.785908777
998	122.88631159
1000	121.626875527
1002	120.691294452
1004	120.15153614
1006	119.683745602
1008	118.604228977
1010	117.812583452
1012	117.020937927
1014	115.83346964
1016	115.293711327
1018	114.430098027
1020	114.214194702
1022	112.954758639
1024	111.623354802
1026	111.407451477
1028	110.004079864
1030	109.968095977
1032	109.284402114
1034	108.204885489
1036	107.665127177
1038	107.089384977
1040	106.081836127
1042	105.757981139
1044	104.498545077
1046	103.958786764
1048	103.419028452
1050	102.087624614
1052	101.907705177
1054	101.367946864
1056	101.008107989
1058	100.540317452
1060	99.8206397016
1062	99.7126880391
1064	99.1009619515
1066	99.208913614
1068	99.208913614
1070	99.280881389
1072	99.352849164
1074	99.208913614
1076	98.345300314
1078	98.7411230765
1080	98.9570264015
1082	99.208913614
1084	99.1729297265
1086	99.7126880391
1088	99.8206397016
1090	100.396381902
1092	100.396381902
1094	100.684253002
1096	101.691801852
1098	101.691801852
1100	102.087624614
1102	102.807302364
1104	103.095173464
1106	104.138706202
1108	104.606496739
1110	105.793965027
1112	106.405691114
1114	106.405691114
1116	107.305288302
1118	107.881030502
1120	108.204885489
1122	108.816611577
1124	109.896128202
1126	110.363918739
1128	112.019177564
1130	112.954758639
1132	113.062710302
1134	114.214194702
1136	114.861904677
1138	115.97740519
1140	116.085356852
1142	116.661099052
1144	117.632664015
1146	118.352341765
1148	118.964067852
1150	119.072019515
1152	120.187520027
1154	120.87121389
1156	121.482939977
1158	121.986714402
1160	122.202617727
1162	122.59844049
1164	123.102214915
1166	123.74992489
1168	123.857876552
1170	124.397634865
1172	124.685505965
1174	125.009360952
1176	125.33321594
1178	125.47715149
1180	125.225264277
1182	125.009360952
1184	125.081328727
1186	124.541570415
1188	124.397634865
1190	124.289683202
1192	124.361650977
1194	123.785908777
1196	123.785908777
1198	124.361650977
1200	123.210166577
1202	122.490488827
1204	121.986714402
1206	121.73482719
1208	121.410972202
1210	120.799246115
1212	120.187520027
1214	119.611777827
1216	118.892100077
1218	118.388325652
1220	118.352341765
1222	117.200857365
1224	116.877002377
1226	116.589131277
1228	115.83346964
1230	114.610017464
1232	114.178210814
1234	113.602468614
1236	113.818371939
1238	112.379016439
1240	111.767290352
1242	111.191548152
1244	110.363918739
1246	110.004079864
1248	109.896128202
1250	109.212434339
1252	109.140466564
1254	108.168901602
1256	107.413239964
1258	106.693562214
1260	106.405691114
1262	106.369707227
1264	105.793965027
1266	104.894367839
1268	104.498545077
1270	103.994770652
1272	103.994770652
1274	103.419028452
1276	103.311076789
1278	103.311076789
1280	102.555415152
1282	102.267544052
1284	102.771318477
1286	102.195576277
1288	102.627382927
1290	102.807302364
1292	102.879270139
1294	102.699350702
1296	102.267544052
1298	103.383044564
1300	102.879270139
1302	103.383044564
1304	102.951237914
1306	103.886818989
1308	103.490996227
1310	103.814851214
1312	104.606496739
1314	105.218222827
1316	105.434126152
1318	106.225771677
1320	106.477658889
1322	107.233320527
1324	107.413239964
1326	108.204885489
1328	108.708659914
1330	108.276853264
1332	109.212434339
1334	110.435886514
1336	110.615805952
1338	111.155564264
1340	111.875242014
1342	112.415000327
1344	113.674436389
1346	113.674436389
1348	114.142226927
1350	115.293711327
1352	115.905437415
1354	116.013389077
1356	116.085356852
1358	116.661099052
1360	117.70463179
1362	117.632664015
1364	118.388325652
1366	118.676196752
1368	118.892100077
1370	119.072019515
1372	119.899648927
1374	120.079568365
1376	120.331455577
1378	120.799246115
1380	120.799246115
1382	121.231052765
1384	121.30302054
1386	121.554907752
1388	121.698843302
1390	121.986714402
1392	121.806794965
1394	122.418521052
1396	122.418521052
1398	122.562456602
1400	122.418521052
1402	121.986714402
1404	121.698843302
1406	121.410972202
1408	121.410972202
1410	121.554907752
1412	120.691294452
1414	120.619326677
1416	119.935632815
1418	119.57579394
1420	119.00005174
1422	118.460293427
1424	118.388325652
1426	117.884551227
1428	118.388325652
1430	117.812583452
1432	117.632664015
1434	116.589131277
1436	116.085356852
1438	116.013389077
1440	115.365679102
1442	115.40166299
1444	114.753953015
1446	114.214194702
1448	113.962307489
1450	113.602468614
1452	112.415000327
1454	111.263515927
1456	110.831709277
1458	110.579822064
1460	110.076047639
1462	109.896128202
1464	110.004079864
1466	108.564724364
1468	108.204885489
1470	107.665127177
1472	107.593159402
1474	106.549626664
1476	106.549626664
1478	106.477658889
1480	106.909465539
1482	105.937900577
1484	106.225771677
1486	105.686013364
1488	106.297739452
1490	105.182238939
1492	105.218222827
1494	104.210673977
1496	104.210673977
1498	104.354609527
1500	104.894367839
1502	105.542077814
1504	104.894367839
1506	105.038303389
1508	105.110271164
1510	105.757981139
1512	105.290190602
1514	105.614045589
1516	105.542077814
1518	105.542077814
1520	105.506093927
1522	105.793965027
1524	106.297739452
1526	106.405691114
1528	107.413239964
1530	107.593159402
1532	107.737094952
1534	107.737094952
1536	107.737094952
1538	107.952998277
1540	109.032514902
1542	109.464321552
1544	110.076047639
1546	109.968095977
1548	110.615805952
1550	111.155564264
1552	111.695322577
1554	112.307048664
1556	113.206645852
1558	112.990742527
1560	114.214194702
1562	114.358130252
1564	114.789936902
1566	115.077808002
1568	115.293711327
1570	115.293711327
1572	115.293711327
1574	116.013389077
1576	117.092905702
1578	117.200857365
1580	117.200857365
1582	117.812583452
1584	118.28037399
1586	118.460293427
1588	118.28037399
1590	119.503826165
1592	119.503826165
1594	119.57579394
1596	119.755713377
1598	119.935632815
1600	120.079568365
1602	120.187520027
1604	120.15153614
1606	120.547358902
1608	120.259487802
1610	120.15153614
1612	120.15153614
1614	120.331455577
1616	120.187520027
1618	119.611777827
1620	119.899648927
1622	119.935632815
1624	120.187520027
1626	120.187520027
1628	119.43185839
1630	119.072019515
1632	118.460293427
1634	117.956519002
1636	117.812583452
1638	117.27282514
1640	117.488728465
1642	116.589131277
1644	116.085356852
1646	115.83346964
1648	116.085356852
1650	115.40166299
1652	114.933872452
1654	115.83346964
1656	115.077808002
1658	114.358130252
1660	114.106243039
1662	113.602468614
1664	113.494516952
1666	112.882790864
1668	111.479419252
1670	111.875242014
1672	111.263515927
1674	111.191548152
1676	111.263515927
1678	110.291950964
1680	110.579822064
1682	109.896128202
1684	109.464321552
1686	109.032514902
1688	108.960547127
1690	108.564724364
1692	108.276853264
1694	108.204885489
1696	107.593159402
1698	107.305288302
1700	107.485207739
1702	107.089384977
1704	107.557175514
1706	106.477658889
1708	106.981433314
1710	106.981433314
1712	107.557175514
1714	106.837497764
1716	107.485207739
1718	107.017417202
1720	106.981433314
1722	107.161352752
1724	106.909465539
1726	107.341272189
1728	107.161352752
1730	107.665127177
1732	107.413239964
1734	107.557175514
1736	108.024966052
1738	108.564724364
1740	108.888579352
1742	109.392353777
1744	109.284402114
1746	109.464321552
1748	110.148015414
1750	110.363918739
1752	110.687773727
1754	110.615805952
1756	110.615805952
1758	110.903677052
1760	111.191548152
1762	111.875242014
1764	112.415000327
1766	112.702871427
1768	113.566484727
1770	113.062710302
1772	113.494516952
1774	113.494516952
1776	113.674436389
1778	114.034275264
1780	114.753953015
1782	115.221743552
1784	114.789936902
1786	115.293711327
1788	115.83346964
1790	116.589131277
1792	116.877002377
1794	117.092905702
1796	116.948970152
1798	116.948970152
1800	117.200857365
1802	117.56069624
1804	117.344792915
1806	117.488728465
1808	118.352341765
1810	118.604228977
1812	118.100454552
1814	118.28037399
1816	118.352341765
1818	118.460293427
1820	118.13643844
1822	118.748164527
1824	118.13643844
1826	118.388325652
1828	118.388325652
1830	118.964067852
1832	117.956519002
1834	118.28037399
1836	118.13643844
1838	117.884551227
1840	117.812583452
1842	117.632664015
1844	117.70463179
1846	117.200857365
1848	117.344792915
1850	117.200857365
1852	117.164873477
1854	116.589131277
1856	116.013389077
1858	116.013389077
1860	115.905437415
1862	115.293711327
1864	115.005840227
1866	114.430098027
1868	114.214194702
1870	114.106243039
1872	113.602468614
1874	113.602468614
1876	113.350581402
1878	112.954758639
1880	112.307048664
1882	112.558935877
1884	112.235080889
1886	111.875242014
1888	111.695322577
1890	111.263515927
1892	111.263515927
1894	110.687773727
1896	110.219983189
1898	110.148015414
1900	109.968095977
1902	110.615805952
1904	110.076047639
1906	109.824160427
1908	109.464321552
1910	109.536289327
1912	109.212434339
1914	108.168901602
1916	108.420788814
1918	108.960547127
1920	108.636692139
1922	108.816611577
1924	108.708659914
1926	108.492756589
1928	108.780627689
1930	109.104482677
1932	108.348821039
1934	108.564724364
1936	108.564724364
1938	108.816611577
1940	109.140466564
1942	108.348821039
1944	108.960547127
1946	107.809062727
1948	109.284402114
1950	108.204885489
1952	108.636692139
1954	108.636692139
1956	109.464321552
1958	109.392353777
1960	109.824160427
1962	109.464321552
1964	110.363918739
1966	109.968095977
1968	110.687773727
1970	110.759741502
1972	110.615805952
1974	111.263515927
1976	111.083596489
1978	111.263515927
1980	111.947209789
1982	112.235080889
1984	112.738855314
1986	113.134678077
1988	112.954758639
1990	113.278613627
1992	112.810823089
1994	113.746404164
1996	113.602468614
1998	114.034275264
2000	113.566484727
2002	114.861904677
2004	114.286162477
2006	115.149775777
2008	114.933872452
2010	116.085356852
2012	115.761501865
2014	116.661099052
2016	116.301260177
2018	117.344792915
2020	116.625115165
2022	117.092905702
2024	117.092905702
2026	117.488728465
2028	116.877002377
2030	116.877002377
2032	117.164873477
2034	117.092905702
2036	117.632664015
2038	117.020937927
2040	117.812583452
2042	117.092905702
2044	117.27282514
2046	117.164873477
2048	117.56069624
2050	116.661099052
2052	117.70463179
2054	116.301260177
2056	116.55314739
2058	115.68953409
2060	116.085356852
2062	115.905437415
2064	116.157324627
2066	116.337244065
2068	116.013389077
2070	116.40921184
2072	115.005840227
2074	115.40166299
2076	114.610017464
2078	115.365679102
2080	114.789936902
2082	114.610017464
2084	113.350581402
2086	114.214194702
2088	113.602468614
2090	113.674436389
2092	112.882790864
2094	113.062710302
2096	112.810823089
2098	112.990742527
2100	112.415000327
2102	112.415000327
2104	112.882790864
2106	111.803274239
2108	111.695322577
2110	111.191548152
2112	110.615805952
2114	110.363918739
2116	110.435886514
2118	109.968095977
2120	110.004079864
2122	109.824160427
2124	110.076047639
2126	109.392353777
2128	110.004079864
2130	109.428337664
2132	109.392353777
2134	109.824160427
2136	109.968095977
2138	109.392353777
2140	109.032514902
2142	109.680224877
2144	109.356369889
2146	110.004079864
2148	110.004079864
2150	109.752192652
2152	109.752192652
2154	110.076047639
2156	110.363918739
2158	110.615805952
2160	109.752192652
2162	109.752192652
2164	109.608257102
2166	110.076047639
2168	109.824160427
2170	110.363918739
2172	110.435886514
2174	110.939660939
2176	110.939660939
2178	110.363918739
2180	110.148015414
2182	111.335483702
2184	111.551387027
2186	111.803274239
2188	111.623354802
2190	111.335483702
2192	112.415000327
2194	112.882790864
2196	112.882790864
2198	112.415000327
2200	113.134678077
2202	112.990742527
2204	113.602468614
2206	113.494516952
2208	114.286162477
2210	114.106243039
2212	114.789936902
2214	114.610017464
2216	114.933872452
2218	114.789936902
2220	115.005840227
2222	114.610017464
2224	115.40166299
2226	115.83346964
2228	115.761501865
2230	115.97740519
2232	115.68953409
2234	115.905437415
2236	115.83346964
2238	116.589131277
2240	115.761501865
2242	116.085356852
2244	115.761501865
2246	116.013389077
2248	115.905437415
2250	116.013389077
2252	115.905437415
2254	116.301260177
2256	115.761501865
2258	116.157324627
2260	116.229292402
2262	116.013389077
2264	115.905437415
2266	116.157324627
2268	115.97740519
2270	115.905437415
2272	115.68953409
2274	115.40166299
2276	115.68953409
2278	115.83346964
2280	115.473630765
2282	115.149775777
2284	115.40166299
2286	114.789936902
2288	115.221743552
2290	114.789936902
2292	114.681985239
2294	114.286162477
2296	114.286162477
2298	113.890339714
2300	113.062710302
2302	113.278613627
2304	112.954758639
2306	112.882790864
2308	112.738855314
2310	112.954758639
2312	112.379016439
2314	112.163113114
2316	111.695322577
2318	111.551387027
2320	111.263515927
2322	111.335483702
2324	111.623354802
2326	111.803274239
2328	110.687773727
2330	111.083596489
2332	110.615805952
2334	110.939660939
2336	110.615805952
2338	111.011628714
2340	110.507854289
2342	110.579822064
2344	110.831709277
2346	111.155564264
2348	110.615805952
2350	110.219983189
2352	110.507854289
2354	110.507854289
2356	111.191548152
2358	110.076047639
2360	110.831709277
2362	110.687773727
2364	111.407451477
2366	110.903677052
2368	111.011628714
2370	110.148015414
2372	111.083596489
2374	110.687773727
2376	110.687773727
2378	111.623354802
2380	111.191548152
2382	110.615805952
2384	110.831709277
2386	110.903677052
2388	111.191548152
2390	111.803274239
2392	111.551387027
2394	111.767290352
2396	112.307048664
2398	111.875242014
2400	112.558935877
2402	112.738855314
2404	112.702871427
2406	112.738855314
2408	112.163113114
2410	113.602468614
2412	112.882790864
2414	112.954758639
2416	113.566484727
2418	113.494516952
2420	113.602468614
2422	114.358130252
2424	114.753953015
2426	114.214194702
2428	114.430098027
2430	114.214194702
2432	114.286162477
2434	114.610017464
2436	115.077808002
2438	114.681985239
2440	115.293711327
2442	114.933872452
2444	114.610017464
2446	114.753953015
2448	115.293711327
2450	115.293711327
2452	114.82592079
2454	114.789936902
2456	114.681985239
2458	115.40166299
2460	115.293711327
2462	115.221743552
2464	115.221743552
2466	116.013389077
2468	115.40166299
2470	115.68953409
2472	115.293711327
2474	115.365679102
2476	115.221743552
2478	115.40166299
2480	114.933872452
2482	114.789936902
2484	114.789936902
2486	114.789936902
2488	114.789936902
2490	114.861904677
2492	115.077808002
2494	114.753953015
2496	114.286162477
2498	114.82592079
2500	114.502065802
2502	114.178210814
2504	114.358130252
2506	113.890339714
2508	114.034275264
2510	114.034275264
2512	113.746404164
2514	113.494516952
2516	113.134678077
2518	113.602468614
2520	113.566484727
2522	113.206645852
2524	112.738855314
2526	113.134678077
2528	112.810823089
2530	112.810823089
2532	112.415000327
2534	113.026726414
2536	112.307048664
2538	111.803274239
2540	111.767290352
2542	112.091145339
2544	111.695322577
2546	111.875242014
2548	112.307048664
2550	112.163113114
2552	111.875242014
2554	112.235080889
2556	111.875242014
2558	112.091145339
2560	112.415000327
2562	112.415000327
2564	112.415000327
2566	111.803274239
2568	112.415000327
2570	111.803274239
2572	112.415000327
2574	111.803274239
2576	111.803274239
2578	111.947209789
2580	111.803274239
2582	111.803274239
2584	112.379016439
2586	112.091145339
2588	112.415000327
2590	112.379016439
2592	112.415000327
2594	112.235080889
2596	111.803274239
2598	111.803274239
2600	111.803274239
2602	112.379016439
2604	112.558935877
2606	112.415000327
2608	112.415000327
2610	112.630903652
2612	113.566484727
2614	113.602468614
2616	113.674436389
2618	113.890339714
2620	114.034275264
2622	114.178210814
2624	114.106243039
2626	113.962307489
2628	113.890339714
2630	113.746404164
2632	113.602468614
2634	113.602468614
2636	113.602468614
2638	113.602468614
2640	113.746404164
2642	113.890339714
2644	113.962307489
2646	114.106243039
2648	114.681985239
2650	115.221743552
2652	114.789936902
2654	114.753953015
2656	114.789936902
2658	114.753953015
2660	115.473630765
2662	114.861904677
2664	115.40166299
2666	114.538049689
2668	114.933872452
2670	115.293711327
2672	115.617566315
2674	115.617566315
2676	115.40166299
2678	115.761501865
2680	115.761501865
2682	115.40166299
2684	114.933872452
2686	115.149775777
2688	114.610017464
2690	114.861904677
2692	114.286162477
2694	114.286162477
2696	114.286162477
2698	114.681985239
2700	114.178210814
2702	114.502065802
2704	113.674436389
2706	114.034275264
2708	114.106243039
2710	114.538049689
2712	114.753953015
2714	114.789936902
2716	114.034275264
2718	114.214194702
2720	113.890339714
2722	113.746404164
2724	113.350581402
2726	113.566484727
2728	112.954758639
2730	112.990742527
2732	113.602468614
2734	112.990742527
2736	113.062710302
2738	113.062710302
2740	113.350581402
2742	112.990742527
2744	112.810823089
2746	112.379016439
2748	111.947209789
2750	112.379016439
2752	111.623354802
2754	112.019177564
2756	112.486968102
2758	111.695322577
2760	111.407451477
2762	111.803274239
2764	111.695322577
2766	111.875242014
2768	111.767290352
2770	112.379016439
2772	111.947209789
2774	112.235080889
2776	112.558935877
2778	112.486968102
2780	112.630903652
2782	112.415000327
2784	112.415000327
2786	112.415000327
2788	112.163113114
2790	112.379016439
2792	111.767290352
2794	112.379016439
2796	112.163113114
2798	112.415000327
2800	112.486968102
2802	112.019177564
2804	112.307048664
2806	112.415000327
2808	112.954758639
2810	113.278613627
2812	112.882790864
2814	113.278613627
2816	112.990742527
2818	113.134678077
2820	113.566484727
2822	113.350581402
2824	113.602468614
2826	114.286162477
2828	114.214194702
2830	113.602468614
2832	114.286162477
2834	113.890339714
2836	114.681985239
2838	114.178210814
2840	114.933872452
2842	115.149775777
2844	115.005840227
2846	114.610017464
2848	114.430098027
2850	114.214194702
2852	114.178210814
2854	115.221743552
2856	114.933872452
2858	115.473630765
2860	115.221743552
2862	115.54559854
2864	115.293711327
2866	115.905437415
2868	115.293711327
2870	115.365679102
2872	114.610017464
2874	115.077808002
2876	114.430098027
2878	114.933872452
2880	115.365679102
2882	115.005840227
2884	115.40166299
2886	115.293711327
2888	114.861904677
2890	114.789936902
2892	114.82592079
2894	114.502065802
2896	114.681985239
2898	114.753953015
2900	115.40166299
2902	114.502065802
2904	115.40166299
2906	114.789936902
2908	115.83346964
2910	115.40166299
2912	114.861904677
2914	114.789936902
2916	114.538049689
2918	114.214194702
2920	114.681985239
2922	114.681985239
2924	114.681985239
2926	114.753953015
2928	114.358130252
2930	114.286162477
2932	114.106243039
2934	114.538049689
2936	113.746404164
2938	114.034275264
2940	114.106243039
2942	114.214194702
2944	114.034275264
2946	114.214194702
2948	114.214194702
2950	114.142226927
2952	113.350581402
2954	112.990742527
2956	113.206645852
2958	113.566484727
2960	113.494516952
2962	113.602468614
2964	113.602468614
2966	113.062710302
2968	113.494516952
2970	113.602468614
2972	112.990742527
2974	113.602468614
2976	113.278613627
2978	112.558935877
2980	113.494516952
2982	113.134678077
2984	112.486968102
2986	112.307048664
2988	112.486968102
2990	112.954758639
2992	113.062710302
2994	113.602468614
2996	113.134678077
2998	112.630903652
3000	112.882790864
3002	112.990742527
3004	113.062710302
3006	112.738855314
3008	112.990742527
3010	112.990742527
3012	112.990742527
3014	112.954758639
3016	112.630903652
3018	112.810823089
3020	112.810823089
3022	112.738855314
3024	112.415000327
3026	113.350581402
3028	112.990742527
3030	112.558935877
3032	112.486968102
3034	112.990742527
3036	112.990742527
3038	112.882790864
3040	113.062710302
3042	113.602468614
3044	113.674436389
3046	112.990742527
3048	112.990742527
3050	113.602468614
3052	113.602468614
3054	113.602468614
3056	114.753953015
3058	113.602468614
3060	113.566484727
3062	113.062710302
3064	113.566484727
3066	113.602468614
3068	114.178210814
3070	113.818371939
3072	113.674436389
3074	114.178210814
3076	114.106243039
3078	114.178210814
3080	114.178210814
3082	114.034275264
3084	114.034275264
3086	113.746404164
3088	113.818371939
3090	114.214194702
3092	114.034275264
3094	113.674436389
3096	114.214194702
3098	114.358130252
3100	114.610017464
3102	114.789936902
3104	114.681985239
3106	114.681985239
3108	115.293711327
3110	114.214194702
3112	114.538049689
3114	114.610017464
3116	114.681985239
3118	114.502065802
3120	115.365679102
3122	114.933872452
3124	114.789936902
3126	114.214194702
3128	114.214194702
3130	113.890339714
3132	114.106243039
3134	114.502065802
3136	114.034275264
3138	113.602468614
3140	113.818371939
3142	114.106243039
3144	114.358130252
3146	114.681985239
3148	114.538049689
3150	114.034275264
3152	113.494516952
3154	113.602468614
3156	113.566484727
3158	113.962307489
3160	113.962307489
3162	114.178210814
3164	113.602468614
3166	114.861904677
3168	113.962307489
3170	114.034275264
3172	113.962307489
3174	113.602468614
3176	113.494516952
3178	114.034275264
3180	114.106243039
3182	113.566484727
3184	113.674436389
3186	113.494516952
3188	113.422549177
3190	113.422549177
3192	113.602468614
3194	113.566484727
3196	112.415000327
3198	112.990742527
3200	113.062710302
3202	113.602468614
3204	112.702871427
3206	112.415000327
3208	112.990742527
3210	112.990742527
3212	113.566484727
3214	113.494516952
3216	113.566484727
3218	113.494516952
3220	113.494516952
3222	114.142226927
3224	114.214194702
3226	114.214194702
3228	113.674436389
3230	113.890339714
3232	113.566484727
3234	113.674436389
3236	113.674436389
3238	113.494516952
3240	113.566484727
3242	113.602468614
3244	113.350581402
3246	113.350581402
3248	112.990742527
3250	113.278613627
3252	112.990742527
3254	113.278613627
3256	113.278613627
3258	113.422549177
3260	112.990742527
3262	113.422549177
3264	112.882790864
3266	113.350581402
3268	113.890339714
3270	113.674436389
3272	113.602468614
3274	112.415000327
3276	112.882790864
3278	113.674436389
3280	114.106243039
3282	113.278613627
3284	113.602468614
3286	113.746404164
3288	113.890339714
3290	114.214194702
3292	114.610017464
3294	114.358130252
3296	115.077808002
3298	114.861904677
3300	114.933872452
3302	114.789936902
3304	114.538049689
3306	114.538049689
3308	114.789936902
3310	114.610017464
3312	114.82592079
3314	115.221743552
3316	114.789936902
3318	114.789936902
3320	114.681985239
3322	114.430098027
3324	114.178210814
3326	114.034275264
3328	113.746404164
3330	114.286162477
3332	113.674436389
3334	113.890339714
3336	113.674436389
3338	113.962307489
3340	114.034275264
3342	113.746404164
3344	114.106243039
3346	114.214194702
3348	113.566484727
3350	113.602468614
3352	113.890339714
3354	113.494516952
3356	113.494516952
3358	113.206645852
3360	112.990742527
3362	113.602468614
3364	113.818371939
3366	114.178210814
3368	114.286162477
3370	113.890339714
3372	113.746404164
3374	113.278613627
3376	113.566484727
3378	113.566484727
3380	113.602468614
3382	113.818371939
3384	113.674436389
3386	113.566484727
3388	113.602468614
3390	113.422549177
3392	113.062710302
3394	114.106243039
3396	113.962307489
3398	114.034275264
3400	113.494516952
3402	113.206645852
3404	113.422549177
3406	113.746404164
3408	112.990742527
3410	113.494516952
3412	113.206645852
3414	113.494516952
3416	112.990742527
3418	113.602468614
3420	113.602468614
3422	112.990742527
3424	113.566484727
3426	113.566484727
3428	113.674436389
3430	112.990742527
3432	113.566484727
3434	113.134678077
3436	113.350581402
3438	113.494516952
3440	113.494516952
3442	112.990742527
3444	113.566484727
3446	112.954758639
3448	112.882790864
3450	112.990742527
3452	113.602468614
3454	113.566484727
3456	113.422549177
3458	113.062710302
3460	112.990742527
3462	113.062710302
3464	113.674436389
3466	112.990742527
3468	113.602468614
3470	113.062710302
3472	113.566484727
3474	113.890339714
3476	113.602468614
3478	113.602468614
3480	113.278613627
3482	113.674436389
3484	113.422549177
3486	114.034275264
3488	113.746404164
3490	114.178210814
3492	114.214194702
3494	114.106243039
3496	113.602468614
3498	113.674436389
3500	114.106243039
3502	113.962307489
3504	113.602468614
3506	114.178210814
3508	114.681985239
3510	114.034275264
3512	114.610017464
3514	114.789936902
3516	114.82592079
3518	114.861904677
3520	114.286162477
3522	114.610017464
3524	114.286162477
3526	114.681985239
3528	114.538049689
3530	114.610017464
3532	114.286162477
3534	114.286162477
3536	113.674436389
3538	113.566484727
3540	114.178210814
3542	113.602468614
3544	114.106243039
3546	114.178210814
3548	113.746404164
3550	114.214194702
3552	113.602468614
3554	114.214194702
3556	114.034275264
3558	113.602468614
3560	113.566484727
3562	113.674436389
3564	113.422549177
3566	113.674436389
3568	113.494516952
3570	113.494516952
3572	112.990742527
3574	113.602468614
3576	113.278613627
3578	113.134678077
3580	112.954758639
3582	112.990742527
3584	113.602468614
3586	113.350581402
3588	113.494516952
3590	112.990742527
3592	113.602468614
3594	113.206645852
3596	112.810823089
3598	112.990742527
3600	113.674436389
