380 1648494521
300 1648494548
6600 1648494582
880 1648494602
1260 1648494620
780 1648494627
2480 1648494687
1840 1648494772
1140 1648494783
860 1648494866
3240 1648494904
2260 1648494963
120 1648494964
6960 1648494971
1040 1648494994
9820 1648495005
660 1648495262
480 1648495268
960 1648495304
900 1648495306
1220 1648495323
4160 1648495359
2000 1648495464
1860 1648495522
660 1648495536
2660 1648495572
440 1648495610
3300 1648495632
520 1648495776
3840 1648495808
2380 1648495868
3020 1648495872
1740 1648495926
880 1648496087
3800 1648496129
700 1648496160
4820 1648496184
4960 1648496256
1220 1648496345
1180 1648496389
260 1648496408
1300 1648496450
2280 1648496518
5720 1648496602
4260 1648496732
1120 1648496812
7740 1648496849
1200 1648496884
420 1648496896
5760 1648496950
900 1648497163
420 1648497165
7420 1648497196
1740 1648497375
3100 1648497384
1840 1648497440
1280 1648497535
4940 1648497545
2100 1648497606
480 1648497645
700 1648497700
480 1648497829
2200 1648497851
2340 1648497955
5420 1648498026
3900 1648498031
220 1648498068
2960 1648498102
380 1648498112
2360 1648498121
1840 1648498155
540 1648498173
8880 1648498227
1400 1648498237
3680 1648498262
5040 1648498264
1860 1648498304
1960 1648498350
3980 1648498504
6140 1648498579
680 1648498703
440 1648498723
1360 1648498744
2480 1648498855
200 1648498863
5620 1648498866
400 1648498937
820 1648499002
1380 1648499136
500 1648499158
5060 1648499168
4300 1648499246
4560 1648499247
1480 1648499315
400 1648499409
1800 1648499414
140 1648499490
4280 1648499518
3300 1648499583
700 1648499668
5760 1648499672
1620 1648499869
2300 1648499891
960 1648500078
3340 1648500159
2400 1648500161
8140 1648500163
5140 1648500165
940 1648500223
1900 1648500339
7260 1648500368
520 1648500482
4280 1648500524
2440 1648500535
1760 1648500544
3120 1648500548
1060 1648500598
900 1648500601
3160 1648500607
1200 1648500634
4000 1648500663
3760 1648500681
1040 1648501067
1580 1648501094
500 1648501107
3860 1648501143
580 1648501171
980 1648501194
2440 1648501200
2020 1648501393
2760 1648501413
600 1648501538
1160 1648501549
220 1648501551
1900 1648501563
3760 1648501613
5000 1648501623
260 1648501657
2620 1648501697
6540 1648501712
460 1648501740
4060 1648501746
3700 1648501771
4040 1648501779
2340 1648501789
300 1648501840
2080 1648501851
2140 1648501884
1360 1648501885
5080 1648501912
2040 1648501919
1280 1648502045
700 1648502068
680 1648502107
5540 1648502125
540 1648502232
1120 1648502269
500 1648502312
600 1648502332
820 1648502352
660 1648502380
80 1648502420
1100 1648502469
480 1648502558
1880 1648502607
260 1648502655
1360 1648502743
1380 1648502768
160 1648502867
720 1648502876
1920 1648502934
1900 1648502980
10400 1648503017
120 1648503057
1160 1648503260
120 1648503354
240 1648503367
180 1648503434
100 1648503460
2000 1648503546
1540 1648503609
2880 1648503716
380 1648503742
1980 1648503770
1920 1648503781
3820 1648503789
2420 1648503868
820 1648503871
3500 1648503896
720 1648503899
5620 1648504031
1160 1648504060
2100 1648504206
2440 1648504210
5180 1648504222
560 1648504359
3180 1648504360
740 1648504417
1700 1648504461
2580 1648504672
480 1648504722
520 1648504748
2660 1648504763
4400 1648504776
3940 1648504879
10320 1648504898
240 1648504928
500 1648504992
1160 1648504992
680 1648505264
660 1648505522
2840 1648505560
2540 1648505574
6180 1648505594
700 1648505610
4120 1648505628
1020 1648505795
500 1648505839
1120 1648505888
180 1648505931
1900 1648505946
11860 1648505966
580 1648506112
2420 1648506167
7720 1648506216
1100 1648506245
7620 1648506313
300 1648506332
2360 1648506363
1420 1648506500
940 1648506511
6320 1648506523
2040 1648506583
720 1648506642
1300 1648506692
340 1648506778
7200 1648506908
8300 1648506922
4340 1648507158
1720 1648507252
1580 1648507437
160 1648507464
240 1648507508
2940 1648507617
4060 1648507686
480 1648507688
340 1648507692
1840 1648507699
400 1648507764
7780 1648507764
1980 1648507837
4380 1648507881
1440 1648507888
1040 1648507917
680 1648507925
1560 1648508027
5020 1648508067
1420 1648508087
460 1648508096
840 1648508108
200 1648508135
1460 1648508185
4080 1648508205
3800 1648508221
1220 1648508284
940 1648508351
6880 1648508391
8300 1648508404
12140 1648508440
3440 1648508599
2260 1648508645
9840 1648508650
2200 1648508654
580 1648508704
1640 1648508704
520 1648508760
4760 1648508805
4940 1648508858
140 1648508991
140 1648508992
680 1648509062
4420 1648509104
1540 1648509169
1380 1648509367
2340 1648509535
980 1648509552
260 1648509576
220 1648509589
3380 1648509597
520 1648509716
340 1648509809
5820 1648509868
440 1648509999
1780 1648510031
180 1648510153
160 1648510270
2280 1648510272
3840 1648510276
1880 1648510283
5940 1648510358
400 1648510396
940 1648510407
680 1648510437
4240 1648510485
160 1648510494
340 1648510612
700 1648510660
3400 1648510665
3340 1648510669
1460 1648510672
620 1648510707
120 1648510716
3760 1648510723
580 1648510797
2920 1648510811
1600 1648510899
800 1648510924
460 1648510952
1040 1648511181
1780 1648511213
2280 1648511255
3740 1648511282
3400 1648511295
2020 1648511373
580 1648511399
7940 1648511413
480 1648511432
2260 1648511489
340 1648511613
1840 1648511782
1360 1648511968
6800 1648512101
1360 1648512213
1460 1648512256
260 1648512286
2200 1648512297
800 1648512321
9440 1648512324
2660 1648512340
3640 1648512343
180 1648512406
4440 1648512441
6940 1648512511
1920 1648512558
1620 1648512609
1260 1648512750
5340 1648512757
5100 1648512767
1920 1648512884
1140 1648512935
6340 1648512950
1860 1648512954
1920 1648513020
160 1648513039
820 1648513099
4960 1648513115
980 1648513136
760 1648513178
4040 1648513178
4140 1648513334
2080 1648513394
200 1648513440
840 1648513496
3180 1648513501
2320 1648513537
7260 1648513621
2140 1648513694
740 1648513772
960 1648513784
860 1648513912
120 1648513933
2840 1648513980
340 1648514059
2520 1648514104
580 1648514132
2360 1648514230
120 1648514237
460 1648514316
1420 1648514386
1340 1648514392
1420 1648514394
7280 1648514406
780 1648514449
140 1648514545
640 1648514568
3120 1648514623
1140 1648514624
1860 1648514632
580 1648514640
2240 1648514736
1180 1648514752
2120 1648514779
1560 1648514852
3140 1648514883
2880 1648514996
1700 1648515037
3380 1648515059
3540 1648515118
9580 1648515182
460 1648515228
300 1648515368
160 1648515410
500 1648515505
420 1648515558
520 1648515581
4540 1648515621
5580 1648515724
2080 1648515793
660 1648515854
8420 1648515903
4180 1648515906
2180 1648516008
1700 1648516069
5440 1648516072
6820 1648516100
3360 1648516153
4500 1648516155
1920 1648516157
260 1648516276
5020 1648516293
520 1648516332
240 1648516356
5020 1648516387
680 1648516410
180 1648516416
1380 1648516419
160 1648516433
1340 1648516505
2960 1648516521
3440 1648516649
1300 1648516698
1540 1648516720
1340 1648516733
700 1648516745
300 1648516848
5200 1648516871
2000 1648516909
1180 1648516938
560 1648516958
460 1648516989
4620 1648517177
980 1648517234
3260 1648517362
560 1648517368
11480 1648517377
140 1648517395
15740 1648517418
460 1648517430
780 1648517436
880 1648517438
160 1648517459
520 1648517486
1860 1648517552
1780 1648517607
1520 1648517681
5400 1648517690
2440 1648517762
700 1648517784
860 1648517857
1840 1648517874
3100 1648517934
820 1648517988
6720 1648518019
5060 1648518113
3640 1648518147
840 1648518163
160 1648518259
700 1648518263
200 1648518343
340 1648518369
3620 1648518408
4600 1648518421
3620 1648518454
1360 1648518592
1800 1648518683
1580 1648518703
1080 1648518718
4360 1648518803
860 1648518975
340 1648519070
860 1648519135
520 1648519166
240 1648519215
2620 1648519343
1180 1648519378
960 1648519404
3420 1648519443
3880 1648519473
960 1648519478
9060 1648519590
8520 1648519678
200 1648519868
1040 1648519903
1160 1648520032
11040 1648520045
1260 1648520091
640 1648520106
2460 1648520190
4400 1648520214
2740 1648520232
6140 1648520237
1000 1648520267
9920 1648520289
2220 1648520297
120 1648520324
3100 1648520353
5460 1648520356
1540 1648520430
1280 1648520461
220 1648520527
580 1648520559
920 1648520563
380 1648520610
520 1648520663
660 1648520663
820 1648520747
1060 1648520801
3640 1648520849
3880 1648520893
120 1648520925
840 1648520978
1300 1648520994
1360 1648520996
160 1648521044
2380 1648521085
3220 1648521113
340 1648521137
3220 1648521240
1280 1648521259
4300 1648521263
2560 1648521333
900 1648521337
860 1648521342
2240 1648521366
6840 1648521468
1760 1648521625
260 1648521697
2480 1648521987
800 1648522084
3680 1648522277
1140 1648522313
1920 1648522322
180 1648522325
3500 1648522353
1160 1648522405
1160 1648522406
2660 1648522409
5480 1648522492
280 1648522524
2980 1648522526
440 1648522612
960 1648522627
1900 1648522649
2600 1648522799
1100 1648522800
2040 1648522807
260 1648522852
900 1648522864
1880 1648522925
3380 1648523047
8640 1648523088
1640 1648523187
700 1648523224
1000 1648523262
520 1648523287
780 1648523291
880 1648523399
1260 1648523419
7160 1648523637
4620 1648523756
4120 1648523792
4540 1648523827
740 1648523834
1220 1648523914
1640 1648524145
1420 1648524150
1680 1648524210
720 1648524213
2920 1648524254
580 1648524326
540 1648524329
2740 1648524433
520 1648524492
18740 1648524527
480 1648524656
18700 1648524661
820 1648524689
1420 1648524693
260 1648524710
2180 1648524791
1400 1648524812
1200 1648524830
1380 1648524983
420 1648524993
2080 1648525001
4820 1648525037
1140 1648525054
3620 1648525071
1080 1648525121
1800 1648525147
2840 1648525273
120 1648525299
940 1648525316
2080 1648525416
2380 1648525440
3580 1648525449
8440 1648525452
2760 1648525564
1420 1648525633
2340 1648525757
560 1648525920
860 1648526065
1060 1648526116
620 1648526200
2260 1648526298
3380 1648526335
3640 1648526500
5940 1648526638
800 1648526757
680 1648526779
2120 1648526805
4920 1648526829
3440 1648526908
1380 1648526966
540 1648527186
280 1648527275
1100 1648527309
4580 1648527382
1020 1648527510
4140 1648527541
5640 1648527553
6340 1648527589
3280 1648527604
260 1648527617
580 1648527690
220 1648527717
1560 1648527766
2060 1648527783
1380 1648527812
2760 1648527839
1020 1648527844
3900 1648527878
600 1648527888
2800 1648527980
12860 1648528059
3220 1648528089
880 1648528208
2500 1648528312
7680 1648528375
1220 1648528401
5700 1648528436
340 1648528437
3600 1648528547
1480 1648528726
640 1648528785
2740 1648528840
1540 1648528840
4100 1648528851
460 1648528853
1980 1648528893
440 1648528976
280 1648529082
4840 1648529135
1440 1648529218
2220 1648529247
3620 1648529344
2840 1648529415
280 1648529531
960 1648529568
5540 1648529680
1080 1648529743
1480 1648529792
300 1648529826
1420 1648529879
1860 1648529893
1320 1648529938
140 1648529974
1120 1648530097
2580 1648530129
360 1648530188
1460 1648530434
1040 1648530462
1620 1648530513
1660 1648530605
1360 1648530666
320 1648530724
580 1648530858
1860 1648530894
940 1648530922
8760 1648530987
4700 1648531011
1880 1648531021
360 1648531051
5180 1648531083
980 1648531220
3560 1648531223
140 1648531408
2260 1648531529
5820 1648531589
180 1648531823
5980 1648531905
5380 1648531926
12600 1648532038
160 1648532112
2580 1648532113
3580 1648532128
4680 1648532151
460 1648532162
860 1648532184
360 1648532255
240 1648532258
360 1648532275
2120 1648532391
2320 1648532612
2740 1648532788
1880 1648532798
2220 1648532811
3580 1648532811
720 1648533026
800 1648533155
1760 1648533189
400 1648533263
180 1648533410
5340 1648533495
2060 1648533499
1160 1648533504
600 1648533509
3440 1648533529
2440 1648533533
1180 1648533615
800 1648533616
3520 1648533681
440 1648533743
7240 1648533755
580 1648533768
4560 1648533842
580 1648533924
1460 1648534034
360 1648534054
2600 1648534063
2980 1648534066
2580 1648534076
8300 1648534185
3580 1648534475
2320 1648534631
820 1648534669
780 1648534696
1560 1648534778
260 1648534817
1360 1648534848
1120 1648534852
1940 1648534921
1780 1648534962
3560 1648535158
10560 1648535184
1900 1648535282
6920 1648535319
960 1648535323
780 1648535333
2220 1648535354
220 1648535389
4840 1648535482
240 1648535595
600 1648535611
2180 1648535615
1060 1648535688
320 1648535701
1700 1648535717
1460 1648535771
3780 1648535881
720 1648535887
1100 1648535990
720 1648536030
760 1648536119
5680 1648536216
1040 1648536254
320 1648536274
960 1648536386
1800 1648536516
480 1648536744
1440 1648536760
6420 1648536908
2280 1648536923
7540 1648536933
1720 1648536959
7140 1648537087
1280 1648537091
10020 1648537276
1020 1648537282
1160 1648537384
4980 1648537594
4020 1648537622
700 1648537635
1020 1648537647
820 1648537668
1280 1648537713
3300 1648537760
1760 1648537847
220 1648537914
600 1648537969
1320 1648537979
6980 1648537997
640 1648538035
6720 1648538087
2600 1648538117
680 1648538184
200 1648538302
1040 1648538371
1940 1648538467
1440 1648538474
240 1648538560
1520 1648538666
1460 1648538749
700 1648538899
2300 1648538911
5260 1648539024
4320 1648539105
1180 1648539169
500 1648539236
160 1648539250
6000 1648539302
1240 1648539310
180 1648539490
2780 1648539562
3100 1648539585
1760 1648539619
2680 1648539623
340 1648539661
280 1648539702
2540 1648539720
940 1648539846
580 1648539893
2880 1648539932
1260 1648539981
1580 1648539982
2480 1648540025
320 1648540142
520 1648540213
160 1648540222
1980 1648540267
2100 1648540400
380 1648540413
400 1648540573
1760 1648540596
2540 1648540631
140 1648540738
2720 1648540753
1120 1648540754
2940 1648540785
3260 1648540793
1220 1648540836
160 1648540861
2880 1648540913
940 1648541032
4500 1648541105
780 1648541120
1120 1648541131
2320 1648541227
2120 1648541320
2460 1648541325
800 1648541552
3100 1648541734
2160 1648541763
1900 1648541769
960 1648541849
1440 1648542091
160 1648542241
1440 1648542274
5080 1648542321
120 1648542460
9380 1648542499
6700 1648542502
840 1648542517
2620 1648542597
2280 1648542598
460 1648542647
3640 1648542694
860 1648542694
6380 1648542740
1460 1648542746
1120 1648542864
1680 1648542898
740 1648543078
800 1648543120
5440 1648543149
580 1648543166
660 1648543215
220 1648543255
1860 1648543407
1620 1648543475
980 1648543514
1420 1648543547
1180 1648543585
3580 1648543622
3360 1648543699
2240 1648543715
5980 1648543820
2740 1648543853
3360 1648543875
1580 1648544202
400 1648544288
3820 1648544475
800 1648544537
1900 1648544625
3960 1648544627
3940 1648544669
640 1648544696
2880 1648544701
4160 1648544713
2520 1648544819
2320 1648544876
5060 1648545016
2360 1648545053
860 1648545137
520 1648545192
2880 1648545219
940 1648545242
660 1648545297
4620 1648545325
1360 1648545328
4280 1648545429
980 1648545448
3220 1648545499
700 1648545508
900 1648545536
2320 1648545622
1040 1648545636
2320 1648545636
1140 1648545654
1300 1648545682
320 1648545768
1740 1648545785
4540 1648545968
2560 1648546027
780 1648546121
2420 1648546136
1100 1648546149
420 1648546150
120 1648546180
2040 1648546205
1640 1648546213
680 1648546293
620 1648546354
180 1648546393
6960 1648546447
1080 1648546463
700 1648546510
3740 1648546619
3320 1648546664
3940 1648546864
100 1648546901
3680 1648546984
580 1648547001
1540 1648547032
980 1648547040
1260 1648547052
1040 1648547119
1380 1648547125
2500 1648547209
2560 1648547288
140 1648547294
1840 1648547310
5940 1648547349
160 1648547363
3940 1648547366
1560 1648547375
4040 1648547497
5880 1648547520
2740 1648547562
1900 1648547577
1240 1648547675
340 1648547720
3800 1648547774
1380 1648547780
5680 1648547849
1400 1648547984
6060 1648548009
380 1648548057
1900 1648548069
900 1648548081
740 1648548102
1420 1648548107
280 1648548124
1040 1648548310
360 1648548355
260 1648548538
1740 1648548567
3200 1648548637
2520 1648548677
640 1648548806
1660 1648548853
2620 1648548897
1580 1648548905
2180 1648548934
1500 1648549008
3060 1648549026
560 1648549045
460 1648549051
3660 1648549064
820 1648549074
2980 1648549105
2940 1648549106
2380 1648549137
860 1648549152
820 1648549219
580 1648549284
6020 1648549391
2220 1648549397
2460 1648549432
2880 1648549515
940 1648549616
720 1648549617
1920 1648549658
17640 1648549751
3820 1648549768
1620 1648549791
8200 1648549794
3560 1648549908
2860 1648549918
3620 1648549919
1140 1648549997
3740 1648550010
2020 1648550051
2140 1648550051
1680 1648550056
860 1648550107
3500 1648550148
1320 1648550259
1820 1648550357
1420 1648550421
2440 1648550431
120 1648550443
640 1648550465
3440 1648550515
320 1648550561
400 1648550593
6120 1648550640
60 1648550787
80 1648550912
740 1648550956
3600 1648551090
3740 1648551177
1000 1648551215
140 1648551264
520 1648551291
1240 1648551293
9180 1648551319
1900 1648551469
520 1648551478
2220 1648551529
1140 1648551738
3880 1648551754
1960 1648551775
1360 1648551871
1100 1648551901
640 1648551933
1640 1648551943
5860 1648551987
3540 1648552016
860 1648552050
4400 1648552183
2540 1648552205
340 1648552212
2020 1648552431
1840 1648552548
1820 1648552554
140 1648552651
4560 1648552697
6720 1648552702
600 1648552705
4340 1648552853
1940 1648552880
1020 1648552949
2080 1648552958
5380 1648553015
580 1648553051
540 1648553157
3560 1648553325
280 1648553369
2580 1648553388
2640 1648553437
660 1648553533
2660 1648553561
1520 1648553564
1280 1648553569
1580 1648553636
3640 1648553644
620 1648553669
1120 1648553696
2200 1648553714
240 1648553742
660 1648553745
4180 1648553745
3620 1648553767
1120 1648553806
1740 1648553913
2140 1648553922
1000 1648553933
5640 1648553943
700 1648554071
3580 1648554117
3960 1648554166
660 1648554312
3220 1648554353
2040 1648554355
480 1648554362
940 1648554386
1260 1648554404
620 1648554462
17540 1648554512
800 1648554658
4840 1648554721
320 1648554775
3500 1648554793
500 1648554920
7580 1648554931
3120 1648554970
6140 1648555051
2140 1648555157
7140 1648555189
7060 1648555258
2120 1648555260
620 1648555279
3320 1648555344
280 1648555344
120 1648555350
2320 1648555353
180 1648555396
580 1648555437
2460 1648555446
1420 1648555459
2340 1648555524
1840 1648555541
780 1648555583
400 1648555652
980 1648555695
1780 1648555738
80 1648555786
1440 1648555912
6020 1648555927
400 1648555929
6440 1648555960
6680 1648555999
900 1648556021
3940 1648556125
5960 1648556249
500 1648556259
2400 1648556269
200 1648556297
1420 1648556341
100 1648556370
4300 1648556383
1640 1648556499
1600 1648556551
4120 1648556602
2160 1648556605
1740 1648556616
2780 1648556673
380 1648556689
520 1648556786
1400 1648556836
560 1648556889
80 1648556915
160 1648556950
5340 1648556961
3620 1648556971
2640 1648556975
6260 1648557069
2460 1648557170
1260 1648557234
720 1648557240
380 1648557342
3200 1648557566
3880 1648557567
3440 1648557675
10140 1648557869
1460 1648557890
4800 1648557993
420 1648558160
220 1648558167
500 1648558231
3260 1648558357
980 1648558414
2820 1648558494
4440 1648558494
1400 1648558541
440 1648558542
3000 1648558579
2640 1648558606
1180 1648558698
2180 1648558758
800 1648558855
500 1648558911
300 1648558976
5600 1648558993
4880 1648559038
1160 1648559054
640 1648559058
3300 1648559079
1380 1648559083
420 1648559133
1780 1648559402
240 1648559411
3120 1648559494
320 1648559503
2700 1648559558
520 1648559616
1460 1648559622
1800 1648559627
180 1648559879
1840 1648559907
120 1648559979
2160 1648560129
740 1648560207
380 1648560226
2380 1648560238
3540 1648560279
4080 1648560361
3100 1648560542
2680 1648560560
4720 1648560561
1460 1648560659
3100 1648560674
240 1648560674
480 1648560691
1720 1648560712
2920 1648560735
2860 1648560784
1220 1648560883
2040 1648561070
540 1648561083
740 1648561130
400 1648561140
3420 1648561255
2740 1648561294
320 1648561305
360 1648561333
5680 1648561512
3280 1648561541
1080 1648561582
6960 1648561881
4280 1648561941
1740 1648561959
7200 1648562007
2580 1648562037
820 1648562053
1560 1648562086
680 1648562140
2380 1648562148
1920 1648562161
420 1648562231
380 1648562472
660 1648562483
620 1648562654
2900 1648562746
600 1648562754
2460 1648562952
180 1648562967
2980 1648563127
1380 1648563236
880 1648563253
1880 1648563264
820 1648563379
1480 1648563390
2760 1648563480
1000 1648563515
480 1648563564
4000 1648563607
11040 1648563660
380 1648563661
420 1648563778
540 1648563834
2640 1648563834
1000 1648563856
300 1648563902
280 1648564018
6800 1648564223
5120 1648564437
2420 1648564552
700 1648564558
5380 1648564634
300 1648564850
1100 1648564865
480 1648564885
500 1648564934
1260 1648564983
980 1648565037
2080 1648565226
3400 1648565307
1560 1648565321
1580 1648565382
800 1648565479
860 1648565498
7020 1648565507
1380 1648565529
820 1648565554
1840 1648565598
3980 1648565625
5820 1648565669
2060 1648565715
3000 1648565763
3820 1648565793
300 1648565815
300 1648565828
860 1648565833
3540 1648565843
13100 1648565855
4820 1648565860
3640 1648565868
1480 1648565872
1380 1648565964
640 1648566040
4860 1648566052
3320 1648566117
1260 1648566175
8400 1648566200
1960 1648566262
4400 1648566269
1240 1648566303
800 1648566353
4980 1648566428
4240 1648566486
1560 1648566604
140 1648566728
460 1648566734
3540 1648566915
420 1648566921
1960 1648566943
140 1648566944
4160 1648567233
920 1648567327
2500 1648567392
1320 1648567408
1620 1648567435
1960 1648567483
1560 1648567524
820 1648567585
140 1648567668
4740 1648567758
5900 1648567773
1180 1648567778
620 1648567885
960 1648567944
3960 1648567989
960 1648568010
1540 1648568032
2080 1648568118
200 1648568127
140 1648568165
1760 1648568198
1880 1648568240
2320 1648568294
5100 1648568301
3180 1648568337
1860 1648568348
1340 1648568349
300 1648568380
660 1648568531
1900 1648568554
2340 1648568586
940 1648568638
180 1648568640
1280 1648568681
940 1648568695
7720 1648568711
780 1648568770
1520 1648568798
540 1648568868
120 1648568949
360 1648569008
420 1648569066
2880 1648569074
1160 1648569177
6120 1648569215
2340 1648569278
360 1648569334
3440 1648569350
520 1648569382
3580 1648569404
2180 1648569407
2020 1648569432
11260 1648569504
1160 1648569582
300 1648569609
200 1648569634
12500 1648569673
400 1648569718
480 1648569722
320 1648569785
1980 1648569821
360 1648569832
160 1648569910
3560 1648570029
1700 1648570084
2340 1648570098
820 1648570125
1060 1648570167
140 1648570216
340 1648570245
3180 1648570270
620 1648570379
1820 1648570399
900 1648570547
1520 1648570591
4220 1648570603
1540 1648570635
2020 1648570668
1260 1648570724
8860 1648570771
1960 1648570795
5240 1648570799
940 1648570803
6280 1648570908
1000 1648571054
1520 1648571062
3600 1648571106
6000 1648571144
240 1648571207
5360 1648571473
100 1648571487
1540 1648571496
240 1648571534
2900 1648571619
500 1648571621
780 1648571731
1720 1648571734
1720 1648571742
3860 1648571751
2000 1648571786
17440 1648571903
1520 1648571952
920 1648571963
780 1648572004
1020 1648572028
840 1648572080
1060 1648572084
520 1648572133
5460 1648572141
260 1648572176
200 1648572254
1440 1648572294
1380 1648572299
1560 1648572411
5100 1648572580
220 1648572750
3320 1648572768
1140 1648572817
120 1648572840
2160 1648572900
360 1648573001
320 1648573005
3800 1648573114
220 1648573138
1540 1648573152
3660 1648573199
740 1648573257
1660 1648573293
4500 1648573309
460 1648573311
4260 1648573446
780 1648573657
1200 1648573673
400 1648573712
900 1648573750
2180 1648573804
4040 1648573837
2680 1648573868
1400 1648573953
1420 1648574031
120 1648574039
660 1648574108
2680 1648574204
1740 1648574210
1960 1648574219
880 1648574318
4360 1648574518
11720 1648574592
2780 1648574598
720 1648574617
1840 1648574651
900 1648574655
7080 1648574673
3820 1648574987
3300 1648575211
2160 1648575235
5340 1648575323
9760 1648575331
200 1648575342
2080 1648575409
3360 1648575510
320 1648575548
3500 1648575572
1300 1648575635
1720 1648575713
1420 1648575728
1960 1648575738
1560 1648575768
260 1648575791
2480 1648575869
200 1648575922
380 1648576029
480 1648576161
3620 1648576243
3060 1648576297
1160 1648576305
4120 1648576358
1840 1648576384
280 1648576391
160 1648576502
2080 1648576817
2360 1648576835
2340 1648576986
3200 1648577022
5620 1648577066
2540 1648577124
660 1648577192
5000 1648577219
360 1648577231
880 1648577295
1080 1648577306
820 1648577468
900 1648577513
600 1648577535
5560 1648577720
3660 1648577756
400 1648577845
920 1648577957
760 1648578000
1220 1648578074
1060 1648578125
1400 1648578222
3680 1648578297
1620 1648578346
4800 1648578402
540 1648578423
2960 1648578460
1260 1648578491
240 1648578636
5020 1648578640
620 1648578653
660 1648578717
1380 1648578796
1200 1648578845
1840 1648578880
4980 1648578972
700 1648578984
340 1648579141
1880 1648579218
2060 1648579241
1960 1648579295
1240 1648579412
1920 1648579475
1320 1648579476
1840 1648579524
760 1648579576
4880 1648579671
9000 1648579819
2320 1648579844
2020 1648579856
2880 1648579901
2440 1648579954
3940 1648579987
1240 1648579997
800 1648580082
2620 1648580101
2800 1648580147
1180 1648580163
3580 1648580229
1620 1648580245
160 1648580296
800 1648580368
4160 1648580400
7860 1648580463
6320 1648580652
780 1648580656
15680 1648580693
920 1648580710
3300 1648580768
860 1648580768
880 1648580828
2640 1648580860
2620 1648580946
3060 1648580993
680 1648581005
200 1648581033
4160 1648581097
6400 1648581115
720 1648581141
180 1648581157
1920 1648581177
1380 1648581282
820 1648581297
1360 1648581315
4260 1648581394
280 1648581415
1740 1648581452
980 1648581469
7300 1648581511
260 1648581560
1140 1648581612
640 1648581634
340 1648581664
2560 1648581747
600 1648581831
860 1648581849
3040 1648581997
2100 1648582065
1280 1648582122
3920 1648582122
980 1648582123
3020 1648582131
4380 1648582166
1900 1648582240
660 1648582255
1620 1648582285
520 1648582367
11120 1648582535
7220 1648582535
520 1648582594
2500 1648582634
2680 1648582647
1820 1648582668
120 1648582693
2440 1648582747
980 1648582759
400 1648582772
160 1648582819
740 1648582850
5580 1648582910
6520 1648582937
1180 1648582980
860 1648582983
2460 1648583006
3520 1648583073
3660 1648583155
880 1648583280
480 1648583308
15200 1648583412
12240 1648583494
1340 1648583568
3640 1648583613
400 1648583626
3560 1648583649
2420 1648583705
340 1648583708
360 1648583752
900 1648583855
640 1648584046
1000 1648584068
520 1648584154
2020 1648584222
520 1648584250
7780 1648584310
700 1648584317
3000 1648584420
180 1648584441
1300 1648584446
280 1648584452
7120 1648584499
4440 1648584602
4460 1648584624
2320 1648584650
9080 1648584702
180 1648584784
2300 1648584866
2280 1648584888
1660 1648584973
280 1648584973
780 1648585061
2340 1648585096
400 1648585099
620 1648585263
2380 1648585278
220 1648585293
540 1648585317
1040 1648585557
3960 1648585570
4020 1648585696
240 1648585720
4080 1648585746
1980 1648585787
1500 1648585818
1860 1648585880
160 1648585967
640 1648586056
3240 1648586073
1260 1648586125
1540 1648586346
620 1648586356
1900 1648586410
5700 1648586436
920 1648586470
2260 1648586493
600 1648586535
6020 1648586609
480 1648586664
760 1648586821
2900 1648586824
2200 1648586981
1260 1648587026
1040 1648587122
3960 1648587126
3260 1648587271
620 1648587290
6560 1648587305
2520 1648587390
340 1648587501
6360 1648587504
1380 1648587534
2300 1648587708
3600 1648587729
1820 1648587731
80 1648587905
380 1648587956
460 1648588070
3880 1648588076
2980 1648588098
2040 1648588157
400 1648588160
120 1648588255
1200 1648588256
3180 1648588268
6260 1648588273
2840 1648588295
2760 1648588301
1780 1648588399
140 1648588422
1100 1648588444
840 1648588472
880 1648588583
420 1648588606
2720 1648588619
440 1648588731
2400 1648588816
540 1648588853
620 1648588890
1100 1648588903
1320 1648588979
3600 1648588980
1060 1648588983
1680 1648588991
1260 1648589051
960 1648589304
2100 1648589309
3020 1648589332
11640 1648589374
1400 1648589409
780 1648589735
4120 1648589838
720 1648589995
220 1648590006
1220 1648590012
1460 1648590037
3920 1648590056
1280 1648590063
860 1648590079
3420 1648590100
900 1648590147
6800 1648590152
2420 1648590193
80 1648590209
1100 1648590218
3360 1648590301
980 1648590401
1000 1648590413
2280 1648590467
1960 1648590526
1220 1648590551
4680 1648590592
840 1648590593
2540 1648590595
300 1648590604
4140 1648590677
2580 1648590814
1340 1648590818
660 1648590831
1220 1648590855
440 1648590860
1880 1648590941
5200 1648590974
2460 1648591004
380 1648591053
1140 1648591118
6040 1648591196
660 1648591259
640 1648591333
440 1648591335
4260 1648591354
940 1648591359
860 1648591368
740 1648591407
1560 1648591413
4700 1648591756
8080 1648591799
1140 1648591833
1000 1648592058
400 1648592063
4640 1648592132
160 1648592144
3680 1648592159
1100 1648592213
340 1648592340
1980 1648592348
1100 1648592394
6780 1648592449
3820 1648592596
4840 1648592680
1100 1648592829
2360 1648592900
7560 1648592968
4340 1648593028
8960 1648593040
5520 1648593106
260 1648593227
3220 1648593259
1700 1648593354
2360 1648593379
400 1648593404
2100 1648593471
5180 1648593614
2300 1648593736
3540 1648593737
9520 1648593756
100 1648593891
440 1648593918
3680 1648594010
1920 1648594044
2500 1648594068
1040 1648594073
460 1648594108
620 1648594165
4140 1648594180
2720 1648594216
160 1648594467
1700 1648594582
960 1648594594
1100 1648594633
1180 1648594648
480 1648594668
3180 1648594670
520 1648594685
400 1648594727
1960 1648594732
540 1648594757
960 1648594864
720 1648594865
1560 1648594980
1500 1648594980
2560 1648595016
2100 1648595034
1880 1648595054
1720 1648595077
100 1648595101
340 1648595114
2980 1648595185
1560 1648595220
3880 1648595300
1900 1648595395
1820 1648595472
3980 1648595505
1580 1648595577
2720 1648595645
1260 1648595672
280 1648595676
1060 1648595691
1420 1648595748
5160 1648595812
1680 1648595841
4020 1648595850
320 1648595853
2420 1648595877
1940 1648595896
6920 1648595985
4880 1648595994
1700 1648596024
3640 1648596166
2380 1648596187
220 1648596286
1580 1648596339
6400 1648596462
4880 1648596569
3900 1648596609
220 1648596619
2320 1648596625
160 1648596678
1140 1648596739
640 1648596774
660 1648596812
280 1648596824
2220 1648596869
1600 1648596871
3540 1648597045
1100 1648597047
1040 1648597058
1300 1648597097
15120 1648597110
680 1648597116
660 1648597125
4740 1648597140
2200 1648597233
740 1648597409
4000 1648597439
240 1648597439
360 1648597495
100 1648597516
1960 1648597520
2960 1648597614
1940 1648597630
740 1648597713
2360 1648597760
900 1648597783
100 1648597786
2000 1648597804
4220 1648597849
3900 1648598032
1320 1648598099
4820 1648598159
1280 1648598228
960 1648598253
1080 1648598254
2240 1648598356
1840 1648598366
1600 1648598419
2220 1648598424
1940 1648598511
1320 1648598522
800 1648598639
1300 1648598764
2780 1648598932
4600 1648598963
4280 1648598995
2040 1648599081
3560 1648599092
600 1648599229
820 1648599276
900 1648599313
280 1648599319
1560 1648599429
760 1648599462
440 1648599478
560 1648599483
1920 1648599516
1200 1648599601
380 1648599730
2420 1648599806
640 1648599807
4060 1648599887
8240 1648599913
2900 1648600057
2780 1648600087
1260 1648600219
1540 1648600334
1400 1648600338
4780 1648600371
1600 1648600374
1920 1648600413
920 1648600413
3780 1648600614
1320 1648600674
3160 1648600676
140 1648600694
1500 1648600705
5600 1648600748
4360 1648600778
140 1648600872
18400 1648600878
1220 1648600889
4180 1648600898
1640 1648600973
1860 1648600989
3560 1648601094
4540 1648601251
1660 1648601283
1120 1648601294
600 1648601339
5260 1648601355
2480 1648601415
3180 1648601422
480 1648601438
3560 1648601525
900 1648601580
8640 1648601664
480 1648601709
3240 1648601730
4280 1648601744
420 1648601744
5320 1648601844
160 1648601963
380 1648601964
260 1648602034
960 1648602148
1360 1648602178
2800 1648602213
3260 1648602213
1380 1648602314
2200 1648602386
15320 1648602441
180 1648602504
1760 1648602516
6300 1648602545
740 1648602590
440 1648602660
6240 1648602750
6780 1648602819
620 1648602884
6440 1648602937
12620 1648602966
6680 1648602968
1860 1648602988
6100 1648603094
4540 1648603130
3260 1648603237
720 1648603389
4080 1648603425
180 1648603466
880 1648603467
1320 1648603469
1040 1648603511
5020 1648603523
360 1648603684
300 1648603715
560 1648603836
1400 1648603843
820 1648603896
2160 1648604080
540 1648604091
420 1648604131
240 1648604131
80 1648604210
4800 1648604243
240 1648604299
5560 1648604356
1780 1648604379
1580 1648604441
880 1648604603
1140 1648604652
680 1648604763
400 1648604786
1540 1648604818
16740 1648604847
4440 1648604924
360 1648604930
660 1648604937
1020 1648604997
1440 1648605003
2180 1648605024
1000 1648605030
380 1648605067
2400 1648605092
140 1648605132
3380 1648605168
1360 1648605194
1800 1648605248
3100 1648605270
940 1648605310
1160 1648605335
560 1648605392
900 1648605494
2720 1648605572
4080 1648605649
280 1648605653
2840 1648605673
700 1648605684
860 1648605708
1040 1648605830
440 1648605891
1460 1648606024
2880 1648606092
800 1648606174
580 1648606264
540 1648606381
760 1648606461
280 1648606462
9600 1648606471
200 1648606549
3880 1648606565
260 1648606620
840 1648606750
5080 1648606869
4860 1648606899
1380 1648607117
480 1648607244
4620 1648607362
18380 1648607432
2160 1648607533
4920 1648607745
160 1648607803
1180 1648607858
980 1648607895
1200 1648607984
1180 1648608050
5920 1648608069
600 1648608080
1280 1648608087
660 1648608101
1440 1648608111
2360 1648608121
1320 1648608133
400 1648608163
4160 1648608164
360 1648608379
740 1648608394
1960 1648608462
4220 1648608516
320 1648608526
420 1648608560
2780 1648608598
1340 1648608668
940 1648608689
800 1648608698
120 1648608723
700 1648608738
4720 1648608738
240 1648608740
1580 1648608810
4520 1648608858
3800 1648608899
1500 1648608989
400 1648609003
520 1648609042
900 1648609083
360 1648609085
1700 1648609122
1720 1648609175
1900 1648609221
800 1648609270
920 1648609321
1340 1648609376
6400 1648609395
860 1648609407
2120 1648609413
240 1648609460
320 1648609529
280 1648609577
740 1648609639
14340 1648609642
360 1648609696
11680 1648609714
2640 1648609833
4000 1648609853
6600 1648609865
100 1648609879
4120 1648609913
4240 1648610180
1900 1648610230
2500 1648610253
1660 1648610284
460 1648610336
5820 1648610384
3460 1648610426
15760 1648610490
320 1648610524
1360 1648610537
16960 1648610538
2420 1648610647
760 1648610737
2480 1648610746
9600 1648610750
140 1648610761
980 1648610814
220 1648610827
1420 1648610844
1540 1648610863
320 1648610910
520 1648610940
700 1648611033
1540 1648611074
520 1648611190
280 1648611234
4100 1648611309
700 1648611351
9260 1648611471
180 1648611480
160 1648611520
2740 1648611649
2020 1648611762
4320 1648611775
160 1648611868
2520 1648611879
1340 1648612027
480 1648612149
640 1648612153
260 1648612171
9220 1648612173
1300 1648612197
3680 1648612208
580 1648612219
6000 1648612226
160 1648612260
300 1648612298
2380 1648612303
840 1648612306
660 1648612470
240 1648612527
280 1648612600
4660 1648612621
4440 1648612663
18820 1648612841
260 1648612848
2940 1648612859
120 1648612879
280 1648612973
3380 1648613006
3620 1648613068
8560 1648613089
5420 1648613095
1980 1648613167
4220 1648613170
4360 1648613223
1060 1648613223
740 1648613341
540 1648613625
9020 1648613635
3200 1648613679
1000 1648613717
440 1648613735
16960 1648613755
760 1648613782
660 1648613794
320 1648613837
2640 1648613865
2740 1648613874
1560 1648613892
1200 1648614133
1720 1648614134
700 1648614342
600 1648614374
280 1648614437
7420 1648614497
3880 1648614504
160 1648614696
5760 1648614712
840 1648614820
6940 1648614856
820 1648614898
200 1648614922
7340 1648614942
4020 1648615147
1180 1648615268
300 1648615335
960 1648615383
1860 1648615441
2080 1648615505
2480 1648615601
3100 1648615613
4720 1648615619
2160 1648615711
1400 1648615746
1020 1648615776
220 1648615795
1980 1648615803
2220 1648615821
140 1648615870
1660 1648615954
220 1648615966
1140 1648616030
3080 1648616177
1020 1648616304
540 1648616318
1060 1648616321
2780 1648616379
1960 1648616468
1320 1648616489
13940 1648616502
1080 1648616527
3500 1648616534
500 1648616582
560 1648616617
780 1648616695
520 1648616698
2040 1648616710
13600 1648616726
740 1648616757
4160 1648616931
320 1648616947
8260 1648616948
100 1648617017
1760 1648617022
1580 1648617024
1060 1648617271
300 1648617327
3200 1648617494
300 1648617607
2920 1648617635
10400 1648617792
3260 1648617826
2580 1648617856
1740 1648617870
1200 1648617887
2620 1648617899
1480 1648617901
200 1648617980
3800 1648618087
3500 1648618252
2160 1648618354
780 1648618382
5220 1648618383
760 1648618471
500 1648618508
2920 1648618573
1980 1648618622
320 1648618642
1380 1648618682
3880 1648618695
1900 1648618709
640 1648618863
1060 1648618887
4240 1648618957
1560 1648618976
720 1648618982
1480 1648619048
2700 1648619051
1300 1648619155
3920 1648619249
5220 1648619262
1280 1648619342
12140 1648619349
2140 1648619513
200 1648619523
5920 1648619580
4360 1648619587
540 1648619673
240 1648619752
4480 1648619763
3420 1648619804
4620 1648619836
320 1648619837
2720 1648619860
440 1648619902
2860 1648619909
2240 1648619918
620 1648619939
1640 1648619954
2340 1648620013
3380 1648620016
1380 1648620145
1940 1648620202
440 1648620225
720 1648620315
2360 1648620348
4180 1648620389
3020 1648620412
4940 1648620488
3760 1648620643
3520 1648620647
500 1648620714
3940 1648620776
1680 1648620797
760 1648620812
340 1648620825
3400 1648620865
8720 1648620887
1100 1648620891
620 1648620920
4100 1648621025
9560 1648621102
640 1648621159
6200 1648621169
8700 1648621174
880 1648621190
640 1648621274
420 1648621348
480 1648621383
240 1648621482
4580 1648621510
6160 1648621538
520 1648621599
280 1648621627
180 1648621661
700 1648621709
1660 1648621765
1540 1648621792
1400 1648621899
1160 1648621975
6640 1648622093
4820 1648622100
7240 1648622103
380 1648622104
2620 1648622113
1000 1648622137
920 1648622173
120 1648622232
1000 1648622254
15320 1648622263
4320 1648622264
3440 1648622295
380 1648622480
4900 1648622490
1560 1648622539
2900 1648622708
180 1648622791
840 1648622927
6800 1648623012
160 1648623015
460 1648623213
220 1648623259
3100 1648623273
1740 1648623325
100 1648623345
600 1648623346
2300 1648623358
1580 1648623400
180 1648623413
240 1648623417
4800 1648623450
4260 1648623461
1640 1648623524
2440 1648623525
2140 1648623549
1300 1648623560
6660 1648623739
8200 1648623814
10360 1648623834
360 1648623881
1540 1648623930
520 1648624065
300 1648624082
520 1648624282
2120 1648624296
140 1648624336
3460 1648624348
2900 1648624421
660 1648624465
1580 1648624521
2100 1648624562
3280 1648624566
1060 1648624676
1200 1648624770
4320 1648624779
1460 1648624848
2940 1648624894
2480 1648624919
3800 1648624958
8620 1648625236
3660 1648625425
200 1648625486
1680 1648625507
160 1648625556
180 1648625564
3080 1648625580
200 1648625623
3260 1648625628
200 1648625629
1640 1648625676
6080 1648625715
6060 1648625778
800 1648625859
880 1648626033
140 1648626055
920 1648626080
2300 1648626211
2680 1648626258
120 1648626264
17840 1648626296
7420 1648626339
4180 1648626363
3880 1648626440
2080 1648626476
320 1648626485
2500 1648626507
2280 1648626578
360 1648626586
1220 1648626650
1840 1648626682
2760 1648626685
4100 1648626714
480 1648626737
8200 1648626780
380 1648626795
2000 1648626867
800 1648626920
1260 1648627014
2180 1648627032
2280 1648627286
520 1648627322
5340 1648627374
1120 1648627409
1380 1648627427
160 1648627443
600 1648627641
5020 1648627655
2580 1648627736
340 1648627837
3080 1648627843
1440 1648627941
4560 1648628037
5780 1648628077
200 1648628091
3140 1648628190
2620 1648628232
320 1648628255
680 1648628302
1080 1648628335
3020 1648628464
2520 1648628708
760 1648628894
920 1648628933
960 1648628935
1360 1648628946
1320 1648628994
240 1648629153
1200 1648629161
3560 1648629162
2820 1648629216
4820 1648629273
2740 1648629283
380 1648629331
200 1648629375
1620 1648629414
1000 1648629473
2620 1648629528
4000 1648629548
2160 1648629563
260 1648629569
580 1648629630
8160 1648629931
3080 1648629970
1700 1648629977
220 1648630176
14920 1648630316
800 1648630348
600 1648630353
500 1648630354
7640 1648630433
9020 1648630437
3880 1648630444
3520 1648630544
2380 1648630559
5680 1648630588
600 1648630875
5320 1648630910
740 1648630959
3400 1648631352
4220 1648631401
600 1648631465
1800 1648631506
340 1648631513
1420 1648631606
180 1648632038
1060 1648632097
1060 1648632218
5660 1648632239
1640 1648632331
2040 1648632400
1080 1648632514
240 1648632624
440 1648632637
700 1648632653
2120 1648632757
700 1648632764
260 1648632776
920 1648632806
5140 1648632890
2820 1648632892
680 1648632897
2400 1648632905
340 1648632949
340 1648632984
1540 1648633273
980 1648633377
1200 1648633450
160 1648633544
3460 1648633612
620 1648633695
1620 1648634064
4340 1648634205
4760 1648634217
1040 1648634225
580 1648634317
840 1648634354
1280 1648634370
1420 1648634388
720 1648634425
400 1648634575
2460 1648634661
3840 1648634663
700 1648634951
320 1648634977
2580 1648635040
1400 1648635042
3240 1648635046
4260 1648635075
1120 1648635141
1200 1648635161
820 1648635165
3720 1648635202
120 1648635289
920 1648635312
980 1648635360
640 1648635416
920 1648635454
840 1648635464
220 1648635475
220 1648635629
2460 1648635667
1240 1648636038
340 1648636195
180 1648636201
2440 1648636296
800 1648636348
3340 1648636375
1860 1648636378
9600 1648636477
5200 1648636497
3740 1648636506
2140 1648636528
320 1648636530
1840 1648636598
2560 1648636660
760 1648636715
320 1648636756
8460 1648636798
1420 1648636799
2480 1648636827
4160 1648636851
1840 1648636918
3760 1648636938
4980 1648637026
160 1648637048
2680 1648637134
700 1648637279
4700 1648637284
1660 1648637369
8780 1648637489
460 1648637557
120 1648637691
760 1648637694
1380 1648637700
1560 1648637745
500 1648637826
3100 1648637837
2640 1648637883
2740 1648637918
2960 1648637961
2740 1648638007
580 1648638009
260 1648638049
160 1648638051
1460 1648638054
360 1648638054
1920 1648638075
140 1648638078
1820 1648638103
240 1648638147
720 1648638158
2580 1648638201
760 1648638247
1840 1648638409
2100 1648638439
15880 1648638463
3340 1648638470
440 1648638477
3260 1648638478
500 1648638586
680 1648638669
5000 1648638842
2820 1648638877
1720 1648638904
520 1648639005
860 1648639058
140 1648639102
1440 1648639131
1280 1648639240
1080 1648639357
1540 1648639397
760 1648639460
300 1648639560
860 1648639674
1900 1648639675
2640 1648639686
8420 1648639819
2200 1648639875
13440 1648639897
4920 1648640021
3640 1648640036
240 1648640038
1160 1648640065
2040 1648640104
820 1648640159
160 1648640207
300 1648640226
3400 1648640262
3140 1648640319
4360 1648640319
320 1648640332
2400 1648640400
1800 1648640566
300 1648640605
640 1648640636
3420 1648640730
5080 1648640734
2900 1648640739
640 1648640774
1660 1648640800
300 1648640803
180 1648640860
2420 1648640903
360 1648641009
1740 1648641019
2220 1648641041
780 1648641067
680 1648641145
900 1648641264
100 1648641341
3320 1648641376
540 1648641380
2620 1648641435
1740 1648641437
1140 1648641524
220 1648641563
960 1648641622
1340 1648641643
1480 1648641720
680 1648641763
4680 1648641785
1040 1648641892
4220 1648641892
320 1648641936
220 1648641939
1960 1648642022
740 1648642083
620 1648642092
160 1648642098
1620 1648642141
3000 1648642147
4040 1648642403
1680 1648642413
1240 1648642430
7620 1648642457
100 1648642551
860 1648642556
360 1648642572
1420 1648642624
2100 1648642701
1000 1648642735
1060 1648642772
1200 1648642843
7260 1648642866
740 1648642884
1900 1648642899
5220 1648642922
3520 1648643033
460 1648643059
240 1648643169
1540 1648643199
3900 1648643212
2700 1648643313
860 1648643334
1420 1648643463
1420 1648643503
7880 1648643545
420 1648643644
80 1648643700
2120 1648643703
2840 1648643718
4620 1648643722
1000 1648643747
960 1648643760
1760 1648643786
1300 1648644022
3280 1648644091
6460 1648644092
860 1648644268
3300 1648644281
360 1648644286
12300 1648644330
400 1648644426
960 1648644436
480 1648644545
3920 1648644573
460 1648644634
1820 1648644792
1660 1648644800
4020 1648644846
180 1648644937
1120 1648645003
1460 1648645111
160 1648645126
5400 1648645219
4720 1648645268
240 1648645277
6320 1648645294
580 1648645300
940 1648645380
4860 1648645450
2060 1648645534
3140 1648645542
2340 1648645551
700 1648645721
2640 1648645770
7000 1648645778
7520 1648645801
380 1648645829
3820 1648645956
180 1648645999
780 1648646022
1880 1648646078
640 1648646130
740 1648646153
3260 1648646229
5780 1648646281
3280 1648646395
1660 1648646435
1600 1648646662
3080 1648646722
4500 1648646761
640 1648646887
3560 1648646920
1120 1648647043
480 1648647060
1680 1648647266
2220 1648647331
1520 1648647379
1840 1648647393
2620 1648647432
5740 1648647540
10880 1648647598
1840 1648647701
420 1648647713
500 1648647759
420 1648647789
1840 1648647797
960 1648647797
4040 1648647804
3220 1648647811
2860 1648647814
5100 1648647815
3100 1648647821
4140 1648647832
1760 1648647883
1100 1648647937
1000 1648647941
1240 1648647966
2180 1648648349
2780 1648648408
120 1648648570
440 1648648704
520 1648648728
500 1648648885
8200 1648648912
1520 1648648915
6620 1648648931
2060 1648648981
400 1648649041
6080 1648649051
680 1648649156
2320 1648649242
600 1648649326
3560 1648649339
2280 1648649341
1180 1648649344
2260 1648649353
3200 1648649694
4200 1648649717
740 1648649813
1200 1648649860
240 1648649948
2240 1648650050
140 1648650053
9940 1648650068
1840 1648650091
960 1648650114
2400 1648650133
4080 1648650214
560 1648650329
540 1648650431
500 1648650434
3900 1648650479
4620 1648650512
320 1648650522
300 1648650738
180 1648650740
1640 1648650845
900 1648650881
19000 1648650973
3720 1648650980
7800 1648650989
3940 1648651232
1800 1648651266
1280 1648651347
2540 1648651517
1120 1648651537
1660 1648651569
640 1648651613
6620 1648651702
1920 1648651707
6320 1648651720
18600 1648651729
480 1648651813
3680 1648651929
6020 1648651981
3300 1648651986
880 1648652004
7960 1648652016
1840 1648652025
4820 1648652084
1840 1648652103
1300 1648652194
1860 1648652246
2160 1648652334
1020 1648652361
4460 1648652367
680 1648652433
1340 1648652444
1360 1648652501
1320 1648652542
1580 1648652565
1220 1648652611
240 1648652636
840 1648652762
660 1648652835
5280 1648652862
340 1648652972
400 1648653013
2780 1648653030
2000 1648653133
3540 1648653160
240 1648653269
1400 1648653317
1900 1648653321
580 1648653322
200 1648653401
2280 1648653435
1200 1648653525
3000 1648653543
360 1648653655
5260 1648653655
660 1648653725
1440 1648653814
7020 1648653896
1720 1648653996
300 1648654055
1340 1648654099
800 1648654102
5100 1648654126
1180 1648654135
7140 1648654140
980 1648654160
3300 1648654208
1020 1648654218
640 1648654293
540 1648654311
780 1648654363
3460 1648654411
180 1648654424
3780 1648654656
1100 1648654737
1840 1648654773
1020 1648655003
10200 1648655011
3680 1648655075
7140 1648655213
7220 1648655221
280 1648655268
160 1648655270
340 1648655290
2760 1648655328
360 1648655351
1160 1648655418
5620 1648655424
2860 1648655524
3560 1648655527
2620 1648655694
1020 1648655728
940 1648655770
1220 1648655869
1380 1648655979
2520 1648656002
900 1648656041
740 1648656144
600 1648656176
940 1648656219
380 1648656243
1400 1648656307
1380 1648656328
5300 1648656340
280 1648656417
5220 1648656480
900 1648656507
360 1648656531
1760 1648656537
2380 1648656626
1540 1648656772
3380 1648656787
1720 1648656795
1980 1648656797
1600 1648656855
1520 1648656925
140 1648657001
740 1648657064
3540 1648657082
1820 1648657132
400 1648657197
2780 1648657457
600 1648657549
500 1648657578
5560 1648657607
260 1648657622
780 1648657651
1560 1648657720

